17 0.276629 0.783203 0.661133 0.046875 0.0332031 
9 0.319172 0.352539 0.794922 0.0566406 0.115234 
2 0.38349 0.441895 0.728516 0.0224609 0.0546875 
2 0.396331 0.393555 0.72998 0.0234375 0.0556641 
17 0.422031 0.519043 0.712402 0.0771484 0.149414 
4 0.445248 0.478516 0.699707 0.0195312 0.0478516 
3 0.473837 0.952637 0.62793 0.0947266 0.144531 
13 0.497458 0.694824 0.650391 0.0341797 0.0273438 
3 0.497605 0.541992 0.669922 0.0488281 0.0800781 
4 0.552102 0.725098 0.770508 0.21582 0.240234 
4 0.628489 0.838379 0.728027 0.135742 0.141602 
