13 0.282695 0.313477 0.651855 0.0429688 0.186523 
13 0.284001 0.293457 0.589844 0.0146484 0.0351562 
9 0.290738 0.291504 0.590332 0.0126953 0.0341797 
13 0.3027 0.18457 0.597656 0.015625 0.0371094 
2 0.311888 0.316406 0.689453 0.03125 0.113281 
13 0.382664 0.0869141 0.662598 0.0488281 0.147461 
13 0.388667 0.199707 0.593262 0.0185547 0.0380859 
4 0.452078 0.891602 0.686523 0.216797 0.316406 
4 0.519704 0.365723 0.597656 0.0439453 0.0683594 
13 0.533692 0.0253906 0.721191 0.0507812 0.129883 
13 0.642073 0.333008 0.612305 0.0449219 0.111328 
4 0.730643 0.463379 0.647949 0.166992 0.186523 
13 0.757809 0.269531 0.608887 0.0410156 0.0927734 
13 0.783447 0.234375 0.608398 0.0371094 0.0917969 
