13 0.311377 0.802246 0.464844 0.0322266 0.0351562 
4 0.312671 0.602051 0.708984 0.243164 0.107422 
13 0.329019 0.825195 0.45752 0.0234375 0.0419922 
17 0.348697 0.0986328 0.753418 0.158203 0.145508 
17 0.354333 0.955078 0.828125 0.0898438 0.210938 
17 0.408965 0.853516 0.724121 0.214844 0.282227 
4 0.424122 0.383301 0.755859 0.0791016 0.134766 
13 0.427455 0.895996 0.450684 0.0361328 0.0595703 
13 0.434083 0.80957 0.521973 0.046875 0.0791016 
4 0.438406 0.85791 0.963379 0.28418 0.0693359 
13 0.474113 0.801758 0.478516 0.03125 0.0351562 
4 0.497241 0.556152 0.821777 0.426758 0.198242 
17 0.623658 0.275391 0.76123 0.195312 0.192383 
13 0.648892 0.945312 0.510254 0.0507812 0.114258 
