9 0.254535 0.574707 0.491699 0.0869141 0.165039 
13 0.268912 0.354004 0.421387 0.0205078 0.0322266 
13 0.286019 0.341797 0.422363 0.0234375 0.0341797 
17 0.329416 0.510742 0.419434 0.0488281 0.0341797 
4 0.34762 0.367188 0.413086 0.0175781 0.0136719 
2 0.39186 0.571289 0.507324 0.0585938 0.118164 
4 0.462139 0.203125 0.432129 0.0351562 0.0458984 
9 0.539137 0.658691 0.471191 0.0673828 0.0986328 
13 0.581534 0.150879 0.432617 0.0791016 0.0761719 
13 0.586978 0.30127 0.431152 0.0654297 0.0634766 
13 0.770232 0.417969 0.448242 0.126953 0.115234 
