17 0.278895 0.659668 0.429688 0.118164 0.0800781 
4 0.294247 0.553223 0.664062 0.12793 0.121094 
17 0.378595 0.733887 0.487793 0.135742 0.102539 
4 0.391325 0.290527 0.490723 0.143555 0.0615234 
17 0.402608 0.774414 0.421875 0.103516 0.0976562 
4 0.430822 0.497559 0.499512 0.0791016 0.0908203 
3 0.434566 0.906738 0.333008 0.186523 0.457031 
4 0.475305 0.118652 0.52002 0.141602 0.0478516 
17 0.5263 0.704102 0.585938 0.15625 0.173828 
4 0.53311 0.770508 0.305176 0.0722656 0.0400391 
4 0.698863 0.430664 0.542969 0.109375 0.103516 
