13 0.25286 0.231445 0.653809 0.0527344 0.0849609 
13 0.27037 0.317383 0.645996 0.0429688 0.0537109 
13 0.29689 0.601562 0.643066 0.0371094 0.0732422 
17 0.298913 0.729004 0.673828 0.118164 0.0996094 
17 0.360013 0.319336 0.645996 0.0410156 0.0537109 
13 0.483267 0.176758 0.654785 0.046875 0.0966797 
4 0.511643 0.555664 0.737305 0.125 0.164062 
13 0.512384 0.211426 0.647461 0.0341797 0.0722656 
4 0.538017 0.393555 0.67334 0.105469 0.0927734 
13 0.569962 0.251465 0.655762 0.0419922 0.0986328 
3 0.828749 0.487305 0.631348 0.0703125 0.110352 
