3 0.254212 0.160645 0.549805 0.0244141 0.0195312 
4 0.260927 0.240234 0.582031 0.0214844 0.0371094 
9 0.262906 0.656738 0.640137 0.0556641 0.262695 
13 0.280741 0.169434 0.588867 0.0263672 0.0664062 
13 0.3258 0.441895 0.640625 0.0732422 0.173828 
13 0.337021 0.593262 0.67627 0.176758 0.291992 
17 0.351879 0.478516 0.59668 0.107422 0.154297 
9 0.378094 0.255859 0.640625 0.0371094 0.078125 
2 0.382338 0.0742188 0.625488 0.0214844 0.0810547 
2 0.383264 0.256836 0.63623 0.0410156 0.0986328 
9 0.454952 0.970215 0.637207 0.0576172 0.223633 
17 0.507082 0.348145 0.59668 0.0966797 0.0996094 
4 0.535772 0.288574 0.59082 0.0478516 0.0722656 
13 0.607629 0.216309 0.595215 0.0400391 0.0888672 
13 0.685995 0.156738 0.580566 0.0185547 0.0537109 
13 0.7055 0.027832 0.635742 0.0556641 0.126953 
