17 0.324167 0.0195312 0.697266 0.0390625 0.160156 
17 0.401664 0.978516 0.550293 0.0429688 0.12207 
13 0.403795 0.961426 0.733398 0.0771484 0.294922 
4 0.408008 0.179688 0.938965 0.34375 0.12207 
17 0.419308 0.767578 0.744141 0.236328 0.253906 
4 0.447298 0.803711 0.92334 0.392578 0.15332 
9 0.483534 0.379883 0.612305 0.0664062 0.0878906 
4 0.507423 0.538086 0.599609 0.244141 0.125 
4 0.558283 0.529785 0.716309 0.27832 0.194336 
3 0.558409 0.156738 0.568848 0.313477 0.186523 
17 0.656611 0.331055 0.759277 0.230469 0.229492 
