13 0.251989 0.513672 0.450684 0.0175781 0.0380859 
13 0.273213 0.899902 0.608887 0.196289 0.383789 
4 0.281673 0.581055 0.444336 0.0292969 0.0175781 
9 0.338235 0.901367 0.620605 0.197266 0.329102 
9 0.356411 0.549805 0.45459 0.0253906 0.0361328 
13 0.357394 0.607422 0.45166 0.0292969 0.0458984 
9 0.362311 0.156738 0.442383 0.0458984 0.0429688 
4 0.419747 0.396973 0.459961 0.0263672 0.0390625 
13 0.420251 0.00537109 0.448242 0.0107422 0.0546875 
17 0.441742 0.812012 0.45459 0.0791016 0.0556641 
13 0.48584 0.550781 0.452637 0.0273438 0.0400391 
13 0.637768 0.356934 0.460449 0.0615234 0.0673828 
13 0.684221 0.479004 0.464355 0.0712891 0.0693359 
13 0.784835 0.659668 0.483398 0.155273 0.136719 
