9 0.276884 0.050293 0.470215 0.0205078 0.0400391 
9 0.277204 0.0219727 0.466797 0.0380859 0.0351562 
13 0.29115 0.628906 0.513672 0.113281 0.15625 
13 0.304354 0.422852 0.478027 0.0195312 0.0380859 
13 0.489495 0.237305 0.482422 0.0703125 0.0625 
17 0.537091 0.938965 0.485352 0.12207 0.0878906 
13 0.546219 0.400391 0.474121 0.0332031 0.0458984 
4 0.590832 0.279297 0.481934 0.03125 0.0380859 
13 0.605628 0.511719 0.475586 0.046875 0.0488281 
13 0.623384 0.456543 0.469238 0.0400391 0.0419922 
13 0.681329 0.350098 0.488281 0.0810547 0.0820312 
13 0.827437 0.695312 0.515625 0.259766 0.166016 
