13 0.310506 0.0380859 0.698242 0.0761719 0.414062 
13 0.325958 0.296875 0.60791 0.0410156 0.0732422 
13 0.356211 0.708984 0.620605 0.0625 0.0947266 
3 0.384364 0.574707 0.559082 0.0595703 0.0615234 
4 0.424197 0.401855 0.601074 0.0244141 0.0283203 
13 0.42855 0.462402 0.599609 0.0400391 0.0566406 
13 0.435967 0.380859 0.604004 0.0234375 0.0615234 
4 0.450711 0.637695 0.625 0.0820312 0.0917969 
17 0.451354 0.55127 0.663086 0.135742 0.201172 
13 0.457273 0.437012 0.606445 0.0283203 0.0566406 
13 0.480999 0.689941 0.620117 0.0419922 0.0898438 
4 0.524626 0.776855 0.605469 0.0595703 0.0390625 
13 0.532753 0.109375 0.626465 0.0664062 0.129883 
13 0.552242 0.352051 0.602539 0.0361328 0.0761719 
