13 0.306992 0.505371 0.417969 0.0341797 0.0742188 
13 0.310135 0.945312 0.312012 0.0527344 0.0732422 
13 0.385541 0.460938 0.410156 0.0429688 0.0917969 
13 0.471017 0.197754 0.40918 0.0380859 0.0566406 
4 0.474608 0.919922 0.445312 0.160156 0.308594 
17 0.532919 0.611328 0.395508 0.0625 0.109375 
13 0.62404 0.236816 0.476562 0.0732422 0.228516 
13 0.652296 0.726074 0.487305 0.233398 0.462891 
13 0.660606 0.816406 0.371582 0.0449219 0.0810547 
13 0.664616 0.417969 0.575195 0.224609 0.486328 
13 0.726938 0.54541 0.414062 0.0634766 0.148438 
13 0.776222 0.852539 0.369629 0.0390625 0.0849609 
