17 0.250854 0.59668 0.67334 0.212891 0.208008 
17 0.262946 0.618164 0.731445 0.201172 0.164062 
17 0.27635 0.354492 0.660645 0.162109 0.125977 
4 0.354288 0.118164 0.758789 0.236328 0.175781 
17 0.368503 0.938477 0.477051 0.123047 0.135742 
3 0.380278 0.899414 0.707031 0.201172 0.410156 
17 0.380283 0.366211 0.533203 0.0898438 0.121094 
17 0.39344 0.916992 0.438965 0.166016 0.129883 
17 0.408461 0.420898 0.506836 0.0546875 0.0898438 
17 0.681055 0.669434 0.502441 0.0869141 0.120117 
4 0.691107 0.513672 0.533691 0.189453 0.12207 
3 0.739312 0.168457 0.588867 0.336914 0.306641 
