2 0.271487 0.0649414 0.558105 0.0224609 0.0615234 
2 0.326038 0.0688477 0.570312 0.0185547 0.0429688 
13 0.344917 0.129883 0.546875 0.0253906 0.0683594 
4 0.437564 0.209473 0.539551 0.0478516 0.0595703 
13 0.443609 0.109375 0.527832 0.0175781 0.0458984 
9 0.473726 0.163086 0.585938 0.03125 0.0605469 
9 0.481059 0.130859 0.55957 0.0195312 0.0390625 
9 0.629054 0.32373 0.551758 0.0380859 0.0820312 
17 0.703548 0.265137 0.533691 0.0361328 0.0771484 
17 0.721793 0.419434 0.594727 0.186523 0.226562 
13 0.733107 0.0195312 0.568848 0.0390625 0.114258 
