13 0.270457 0.18457 0.515625 0.0195312 0.0292969 
13 0.283731 0.166992 0.532715 0.0273438 0.0419922 
13 0.302224 0.0986328 0.54248 0.0429688 0.0810547 
4 0.317378 0.244629 0.519043 0.0146484 0.0205078 
9 0.357746 0.168945 0.531738 0.0234375 0.0439453 
4 0.510624 0.0175781 0.535645 0.0273438 0.0341797 
13 0.598524 0.0761719 0.543457 0.0917969 0.0869141 
13 0.605962 0.140625 0.525879 0.0371094 0.0458984 
13 0.619309 0.274414 0.53125 0.0585938 0.0605469 
13 0.621469 0.216797 0.524414 0.046875 0.046875 
13 0.653666 0.792969 0.577148 0.367188 0.191406 
