4 0.299524 0.117188 0.762695 0.0976562 0.0742188 
4 0.309689 0.905273 0.741699 0.189453 0.268555 
17 0.350112 0.65918 0.821289 0.236328 0.253906 
4 0.359152 0.0136719 0.866699 0.0273438 0.131836 
17 0.398659 0.922852 0.872559 0.154297 0.254883 
17 0.438928 0.460938 0.790527 0.15625 0.196289 
4 0.528909 0.0639648 0.706055 0.12793 0.148438 
4 0.565621 0.925293 0.539551 0.149414 0.172852 
4 0.601568 0.741211 0.568359 0.169922 0.0976562 
4 0.818401 0.662109 0.616211 0.210938 0.136719 
3 0.831998 0.304688 0.620605 0.4375 0.31543 
