4 0.283724 0.382324 0.77002 0.407227 0.22168 
17 0.337118 0.830078 0.593262 0.283203 0.15918 
17 0.382065 0.502441 0.630859 0.112305 0.1875 
4 0.438766 0.090332 0.79248 0.178711 0.145508 
17 0.455508 0.891113 0.513184 0.155273 0.110352 
17 0.479292 0.429199 0.64209 0.143555 0.135742 
4 0.513583 0.76123 0.926758 0.477539 0.146484 
4 0.572865 0.148438 0.68457 0.259766 0.146484 
17 0.615944 0.629395 0.665527 0.19043 0.233398 
4 0.657609 0.844238 0.729492 0.311523 0.298828 
3 0.682713 0.166992 0.555664 0.332031 0.210938 
