13 0.322336 0.0537109 0.504883 0.0703125 0.113281 
13 0.375172 0.591797 0.475098 0.0820312 0.139648 
13 0.40002 0.555176 0.509277 0.0712891 0.18457 
13 0.45292 0.17627 0.510254 0.0439453 0.0888672 
13 0.454903 0.21582 0.506348 0.0488281 0.102539 
13 0.577462 0.00976562 0.495117 0.0195312 0.0800781 
13 0.603911 0.0771484 0.500488 0.0605469 0.129883 
13 0.622253 0.384277 0.521484 0.0947266 0.150391 
13 0.665682 0.287598 0.500977 0.0576172 0.101562 
13 0.671625 0.464355 0.520996 0.0654297 0.141602 
