2 0.257434 0.174805 0.677246 0.046875 0.106445 
17 0.26106 0.484375 0.588867 0.0566406 0.146484 
17 0.263388 0.459473 0.480957 0.0146484 0.0244141 
17 0.295167 0.335449 0.524414 0.0419922 0.0703125 
17 0.314039 0.268066 0.589355 0.0966797 0.116211 
9 0.349149 0.174805 0.677246 0.046875 0.106445 
17 0.370982 0.437012 0.494141 0.0244141 0.0488281 
2 0.376899 0.274414 0.676758 0.0273438 0.117188 
9 0.435216 0.529297 0.760254 0.0488281 0.12793 
13 0.519201 0.333496 0.757812 0.0673828 0.191406 
13 0.563711 0.402832 0.532715 0.0205078 0.0419922 
