4 0.251115 0.604492 0.493652 0.0234375 0.0341797 
9 0.298663 0.624023 0.646973 0.0292969 0.0615234 
2 0.31357 0.624023 0.536621 0.0195312 0.0341797 
9 0.32656 0.230469 0.614258 0.0429688 0.0605469 
13 0.359151 0.299805 0.645508 0.0644531 0.115234 
9 0.380743 0.443359 0.583496 0.0195312 0.0634766 
13 0.420688 0.402344 0.542969 0.0292969 0.0839844 
17 0.432617 0.583008 0.532715 0.0488281 0.0966797 
4 0.57935 0.643066 0.512695 0.0458984 0.0605469 
17 0.601532 0.464355 0.510254 0.0185547 0.0458984 
