13 0.252228 0.0708008 0.757324 0.0908203 0.180664 
2 0.269822 0.789551 0.71582 0.0537109 0.111328 
13 0.283315 0.791016 0.72168 0.0507812 0.105469 
2 0.306149 0.165039 0.85791 0.0585938 0.196289 
13 0.338653 0.453125 0.570801 0.0175781 0.0302734 
13 0.370118 0.422852 0.62207 0.0214844 0.0625 
17 0.389742 0.384277 0.584961 0.0224609 0.0332031 
13 0.41602 0.150879 0.709473 0.0791016 0.135742 
4 0.519275 0.641113 0.603027 0.0400391 0.0263672 
4 0.54258 0.714844 0.64209 0.0390625 0.0439453 
13 0.693257 0.396973 0.662109 0.0361328 0.0898438 
13 0.734282 0.307129 0.697266 0.0458984 0.125 
