4 0.294817 0.416992 0.491211 0.03125 0.0253906 
13 0.318551 0.325195 0.603027 0.0488281 0.143555 
4 0.35176 0.408691 0.464355 0.0205078 0.0263672 
17 0.361156 0.446777 0.572754 0.0693359 0.145508 
17 0.38292 0.491699 0.499512 0.0341797 0.0634766 
17 0.420419 0.736816 0.634766 0.106445 0.125 
4 0.431356 0.473633 0.463379 0.0234375 0.0458984 
3 0.532464 0.320801 0.44873 0.0498047 0.0849609 
4 0.53506 0.41748 0.507324 0.0419922 0.0595703 
4 0.569628 0.60498 0.57959 0.0908203 0.124023 
13 0.616127 0.373047 0.615234 0.0488281 0.15625 
13 0.631349 0.367188 0.466797 0.015625 0.03125 
