2 0.259283 0.676758 0.679199 0.0234375 0.0986328 
17 0.270759 0.948242 0.726562 0.103516 0.210938 
13 0.277426 0.435547 0.601562 0.0175781 0.0507812 
13 0.316989 0.809082 0.692871 0.0595703 0.0751953 
13 0.362036 0.0683594 0.698242 0.0488281 0.128906 
4 0.414049 0.111328 0.671875 0.0507812 0.111328 
2 0.463759 0.650879 0.746582 0.0341797 0.12793 
13 0.465989 0.40918 0.642578 0.0214844 0.0566406 
13 0.49456 0.286621 0.866211 0.100586 0.261719 
13 0.50433 0.757324 0.680176 0.0439453 0.108398 
13 0.536842 0.710449 0.658691 0.0244141 0.0732422 
4 0.584821 0.890625 0.905273 0.21875 0.189453 
13 0.666344 0.375488 0.64502 0.0283203 0.0791016 
