17 0.311121 0.696289 0.495605 0.0429688 0.0810547 
17 0.357256 0.958008 0.599121 0.0742188 0.108398 
4 0.389068 0.57373 0.520996 0.0556641 0.0791016 
17 0.418765 0.504395 0.500977 0.0302734 0.078125 
13 0.439172 0.504395 0.499512 0.0322266 0.0771484 
4 0.452218 0.608398 0.49707 0.0351562 0.0664062 
3 0.470005 0.588867 0.40918 0.0292969 0.0390625 
4 0.476676 0.538574 0.482422 0.0380859 0.0507812 
13 0.555294 0.443848 0.474609 0.0380859 0.0683594 
4 0.693896 0.821289 0.599121 0.0957031 0.102539 
4 0.723791 0.730469 0.64209 0.115234 0.147461 
