17 0.31922 0.72168 0.56543 0.0664062 0.0917969 
4 0.319228 0.737305 0.67627 0.0800781 0.133789 
17 0.321478 0.567383 0.528809 0.0253906 0.0615234 
4 0.365067 0.646484 0.699219 0.0839844 0.162109 
13 0.38241 0.546387 0.591797 0.0361328 0.0820312 
9 0.385149 0.594238 0.927246 0.0615234 0.145508 
3 0.401383 0.631836 0.469238 0.0566406 0.0947266 
4 0.405396 0.888672 0.832031 0.220703 0.279297 
17 0.44739 0.623535 0.578613 0.0673828 0.131836 
17 0.485388 0.546387 0.592285 0.0341797 0.0830078 
4 0.65424 0.823242 0.899902 0.314453 0.200195 
13 0.725748 0.484375 0.658203 0.0527344 0.144531 
