4 0.269346 0.29834 0.729004 0.0634766 0.0908203 
13 0.272597 0.436035 0.638672 0.0205078 0.0410156 
13 0.305777 0.415527 0.64502 0.0146484 0.0224609 
13 0.305979 0.371582 0.62793 0.0224609 0.0332031 
2 0.343471 0.679199 0.734863 0.0439453 0.110352 
17 0.358076 0.406738 0.693848 0.0458984 0.0849609 
13 0.383256 0.440918 0.688965 0.0205078 0.0498047 
9 0.451432 0.956055 0.749023 0.0214844 0.0390625 
13 0.459238 0.393066 0.638672 0.0205078 0.0449219 
17 0.482204 0.458984 0.601074 0.015625 0.0263672 
13 0.492916 0.168945 0.883301 0.0839844 0.21582 
4 0.548699 0.456543 0.660645 0.0419922 0.0556641 
13 0.553858 0.0541992 0.892578 0.106445 0.208984 
17 0.559551 0.288574 0.871582 0.0888672 0.233398 
13 0.591297 0.131836 0.757324 0.0664062 0.15332 
13 0.608639 0.370605 0.65625 0.0263672 0.0429688 
13 0.637469 0.216309 0.758301 0.0556641 0.149414 
13 0.642612 0.629395 0.70166 0.0302734 0.0869141 
13 0.681784 0.862793 0.824707 0.0888672 0.170898 
13 0.684129 0.751953 0.709473 0.0449219 0.0947266 
