9 0.25416 0.0253906 0.949707 0.046875 0.0947266 
13 0.256025 0.453125 0.638184 0.0371094 0.0732422 
17 0.258073 0.478027 0.597168 0.0224609 0.0283203 
4 0.282871 0.257812 0.666992 0.0585938 0.0917969 
3 0.318312 0.45752 0.555664 0.0341797 0.0527344 
17 0.323005 0.425781 0.592285 0.0195312 0.0439453 
17 0.341492 0.479004 0.69873 0.0712891 0.114258 
13 0.366664 0.338867 0.610352 0.0214844 0.0527344 
4 0.42327 0.28125 0.635254 0.0527344 0.0751953 
4 0.42579 0.166504 0.837891 0.15332 0.220703 
4 0.458236 0.32373 0.572266 0.0224609 0.0351562 
3 0.53483 0.399902 0.561035 0.0380859 0.0732422 
13 0.654597 0.387207 0.664551 0.0380859 0.0947266 
3 0.733051 0.76123 0.769043 0.416992 0.459961 
