9 0.262128 0.524414 0.355957 0.0078125 0.0185547 
3 0.324576 0.291504 0.663086 0.583008 0.673828 
4 0.377823 0.890137 0.478027 0.0576172 0.0595703 
9 0.389796 0.470703 0.567383 0.0371094 0.103516 
4 0.458046 0.600586 0.426758 0.0390625 0.0546875 
4 0.465941 0.970703 0.529297 0.0585938 0.0742188 
4 0.494913 0.527832 0.383789 0.0224609 0.0390625 
4 0.525927 0.763184 0.399902 0.0361328 0.0361328 
3 0.546924 0.655273 0.39209 0.0527344 0.0732422 
9 0.55037 0.253418 0.47998 0.0380859 0.0615234 
17 0.674759 0.553711 0.40625 0.0195312 0.0527344 
