13 0.251683 0.174316 0.449707 0.0380859 0.0869141 
2 0.2596 0.290039 0.424316 0.0234375 0.0634766 
4 0.272478 0.606445 0.377441 0.0195312 0.0205078 
13 0.273749 0.938477 0.537598 0.0605469 0.0927734 
17 0.310541 0.816406 0.45752 0.0371094 0.0498047 
4 0.393785 0.870605 0.505371 0.0712891 0.106445 
17 0.425233 0.46875 0.369141 0.0175781 0.03125 
9 0.485292 0.403809 0.600098 0.0400391 0.129883 
3 0.499198 0.939453 0.773926 0.121094 0.442383 
4 0.509425 0.822266 0.521484 0.0683594 0.0996094 
17 0.515252 0.501953 0.435547 0.0332031 0.0683594 
4 0.530276 0.559082 0.488281 0.0576172 0.0898438 
13 0.53404 0.229004 0.416992 0.0419922 0.0761719 
9 0.543436 0.199707 0.601074 0.0517578 0.12207 
4 0.609574 0.804199 0.628418 0.12793 0.178711 
3 0.636768 0.652344 0.381348 0.0488281 0.0537109 
4 0.667141 0.757324 0.447266 0.0380859 0.046875 
