17 0.258198 0.517578 0.412598 0.0253906 0.0556641 
17 0.26443 0.858398 0.510254 0.0214844 0.0419922 
13 0.26539 0.679199 0.433594 0.0224609 0.0332031 
13 0.27512 0.352539 0.437988 0.0195312 0.0517578 
4 0.281575 0.766602 0.478027 0.0273438 0.0224609 
4 0.281593 0.793945 0.59668 0.0820312 0.125 
4 0.282336 0.760254 0.464355 0.0341797 0.0302734 
4 0.288395 0.712402 0.469727 0.0283203 0.0429688 
17 0.300085 0.157715 0.82373 0.178711 0.352539 
17 0.305292 0.836914 0.523438 0.03125 0.0605469 
4 0.311626 0.742676 0.470215 0.0322266 0.0322266 
17 0.313554 0.811523 0.488281 0.0292969 0.0253906 
13 0.345355 0.539551 0.485352 0.0361328 0.0917969 
3 0.348023 0.258789 0.384766 0.0410156 0.0390625 
17 0.354401 0.474609 0.388672 0.0136719 0.0253906 
3 0.388138 0.893555 0.476562 0.0292969 0.0390625 
4 0.394424 0.489746 0.46875 0.0419922 0.0703125 
4 0.424931 0.762695 0.502441 0.0371094 0.0537109 
4 0.470858 0.727539 0.52002 0.046875 0.0732422 
13 0.478097 0.303711 0.477539 0.03125 0.0742188 
17 0.500097 0.654785 0.477051 0.0419922 0.0654297 
17 0.511329 0.539551 0.487793 0.0341797 0.0888672 
4 0.516864 0.777344 0.696777 0.132812 0.213867 
17 0.536745 0.687988 0.467773 0.0244141 0.0390625 
17 0.559902 0.743164 0.443848 0.0234375 0.0263672 
9 0.59387 0.404785 0.765625 0.0537109 0.119141 
4 0.627527 0.681152 0.530762 0.0654297 0.104492 
4 0.629523 0.559082 0.600098 0.0810547 0.139648 
13 0.741997 0.26123 0.568848 0.0595703 0.124023 
