4 0.288358 0.621094 0.647461 0.0292969 0.046875 
9 0.290723 0.675781 0.727539 0.0351562 0.0605469 
17 0.298787 0.458496 0.810059 0.0693359 0.178711 
9 0.315894 0.10498 0.861328 0.206055 0.277344 
3 0.368321 0.455078 0.572266 0.0253906 0.0429688 
4 0.474735 0.690918 0.688965 0.0576172 0.0712891 
17 0.484354 0.585449 0.693848 0.0439453 0.0908203 
4 0.532434 0.694824 0.824219 0.0810547 0.146484 
17 0.562665 0.435547 0.61377 0.0214844 0.0361328 
4 0.620605 0.651367 0.660645 0.0371094 0.0556641 
13 0.635215 0.28418 0.810059 0.0644531 0.165039 
