2 0.252574 0.631348 0.674805 0.0224609 0.078125 
13 0.255357 0.362793 0.690918 0.0380859 0.0732422 
13 0.266006 0.322754 0.598145 0.0283203 0.0791016 
4 0.276968 0.798828 0.835449 0.214844 0.311523 
17 0.294601 0.316895 0.749512 0.0986328 0.172852 
4 0.305604 0.69043 0.634277 0.0585938 0.0693359 
4 0.310801 0.563965 0.598145 0.0341797 0.0478516 
13 0.325322 0.357422 0.595703 0.03125 0.0605469 
13 0.393887 0.0424805 0.668945 0.0830078 0.15625 
13 0.442368 0.231934 0.629395 0.0400391 0.0595703 
13 0.535958 0.646484 0.634766 0.0449219 0.0898438 
13 0.579745 0.422852 0.57959 0.015625 0.0537109 
3 0.614471 0.901367 0.697754 0.152344 0.145508 
17 0.622407 0.206055 0.720703 0.09375 0.175781 
13 0.655722 0.401855 0.578125 0.0224609 0.0546875 
13 0.667491 0.287598 0.663574 0.0439453 0.100586 
13 0.676934 0.418945 0.744629 0.0507812 0.129883 
13 0.74172 0.162598 0.634277 0.0439453 0.102539 
