2 0.253522 0.744141 0.773438 0.0429688 0.0703125 
2 0.267456 0.334473 0.683594 0.0322266 0.0917969 
13 0.283316 0.364258 0.614746 0.0195312 0.0517578 
2 0.284455 0.827148 0.788086 0.0585938 0.0917969 
17 0.301147 0.538086 0.631348 0.0234375 0.0439453 
13 0.358619 0.743164 0.750488 0.046875 0.120117 
13 0.364007 0.334473 0.683594 0.0361328 0.0917969 
4 0.457612 0.295898 0.639648 0.046875 0.0585938 
4 0.465794 0.347656 0.600098 0.0234375 0.0302734 
13 0.524093 0.14502 0.874512 0.106445 0.250977 
4 0.583319 0.932129 0.920898 0.135742 0.158203 
13 0.696528 0.245605 0.757324 0.0595703 0.157227 
