4 0.254867 0.504395 0.634277 0.0517578 0.0927734 
9 0.298055 0.145508 0.775391 0.0449219 0.078125 
4 0.31774 0.610352 0.638184 0.0644531 0.102539 
4 0.318322 0.674805 0.594727 0.0390625 0.046875 
4 0.371348 0.772949 0.649414 0.0556641 0.0820312 
13 0.410298 0.68457 0.633789 0.0371094 0.0859375 
17 0.442274 0.459473 0.598633 0.0361328 0.0839844 
9 0.514587 0.431152 0.722656 0.0341797 0.0898438 
4 0.538936 0.739258 0.811523 0.169922 0.222656 
4 0.552305 0.84375 0.688477 0.0957031 0.101562 
13 0.580281 0.312988 0.862305 0.0849609 0.238281 
4 0.609426 0.944336 0.737305 0.111328 0.191406 
