9 0.322218 0.194824 0.70752 0.0458984 0.116211 
4 0.32915 0.870117 0.833984 0.259766 0.332031 
9 0.350681 0.355957 0.709473 0.0400391 0.118164 
4 0.432905 0.269531 0.515625 0.03125 0.0566406 
3 0.43462 0.380371 0.511719 0.0615234 0.128906 
4 0.452367 0.212891 0.62793 0.0898438 0.132812 
4 0.467356 0.298828 0.474609 0.0234375 0.0253906 
17 0.497499 0.515625 0.727539 0.0917969 0.1875 
13 0.506537 0.111816 0.715332 0.0693359 0.178711 
17 0.543586 0.42334 0.579102 0.0517578 0.105469 
4 0.554979 0.676758 0.92334 0.328125 0.143555 
4 0.565182 0.570801 0.533203 0.0419922 0.0488281 
13 0.607108 0.305176 0.520508 0.0224609 0.0625 
17 0.640734 0.610352 0.632812 0.0761719 0.115234 
13 0.703393 0.455078 0.652832 0.0527344 0.139648 
3 0.753709 0.45166 0.477051 0.0595703 0.0908203 
