17 0.252055 0.57959 0.370117 0.0615234 0.111328 
4 0.274928 0.459961 0.26123 0.0175781 0.0107422 
3 0.320125 0.464355 0.297852 0.0380859 0.0703125 
9 0.327774 0.395508 0.340332 0.015625 0.0400391 
13 0.356496 0.0874023 0.699219 0.141602 0.365234 
3 0.357868 0.582031 0.274902 0.03125 0.0556641 
13 0.358384 0.294922 0.520996 0.0820312 0.180664 
4 0.368876 0.479004 0.446777 0.0751953 0.125977 
13 0.381762 0.427734 0.374512 0.0390625 0.104492 
4 0.405936 0.634277 0.312012 0.0224609 0.0380859 
17 0.416976 0.376953 0.3125 0.0253906 0.0585938 
13 0.50468 0.672363 0.437988 0.0751953 0.15918 
17 0.540483 0.428223 0.374023 0.0439453 0.101562 
