13 0.250028 0.615234 0.685547 0.03125 0.0839844 
13 0.265843 0.424316 0.629395 0.0146484 0.0458984 
4 0.297394 0.396973 0.679688 0.0361328 0.0566406 
13 0.322969 0.76416 0.815918 0.0751953 0.168945 
17 0.384275 0.45752 0.605957 0.0205078 0.0361328 
13 0.395566 0.646973 0.651855 0.0205078 0.0498047 
4 0.411422 0.0131836 0.73291 0.0263672 0.120117 
13 0.530548 0.719727 0.702637 0.0351562 0.0791016 
13 0.601084 0.341309 0.811035 0.0556641 0.147461 
13 0.60833 0.806641 0.787598 0.0566406 0.168945 
13 0.609156 0.230957 0.855469 0.0673828 0.175781 
4 0.619968 0.438477 0.716309 0.125 0.0986328 
13 0.62783 0.297363 0.894531 0.0810547 0.197266 
13 0.682274 0.216309 0.697266 0.0517578 0.113281 
13 0.685138 0.27832 0.721191 0.0507812 0.120117 
17 0.796295 0.54541 0.699707 0.0322266 0.0888672 
