17 0.270095 0.40918 0.482422 0.0234375 0.0625 
4 0.280616 0.46582 0.473145 0.0195312 0.0244141 
9 0.291872 0.934082 0.790039 0.0751953 0.107422 
9 0.308979 0.682129 0.575195 0.0283203 0.046875 
17 0.322383 0.387695 0.467773 0.0214844 0.0292969 
4 0.387772 0.976074 0.858887 0.0478516 0.213867 
3 0.399769 0.136719 0.612305 0.273438 0.363281 
3 0.401507 0.328613 0.456543 0.0322266 0.0537109 
4 0.406522 0.433105 0.585449 0.0615234 0.100586 
13 0.46961 0.36084 0.484375 0.0185547 0.0332031 
4 0.475889 0.506348 0.542969 0.0458984 0.0761719 
13 0.508437 0.36084 0.663574 0.0517578 0.149414 
4 0.531617 0.686035 0.753418 0.166992 0.239258 
4 0.597538 0.472168 0.504883 0.0302734 0.0449219 
4 0.682145 0.59375 0.620117 0.0957031 0.115234 
3 0.682359 0.550293 0.505371 0.0810547 0.108398 
