18 0.271622 0.606934 0.610352 0.0478516 0.0859375 
13 0.31382 0.365723 0.613281 0.0224609 0.0566406 
4 0.32187 0.740234 0.67041 0.0898438 0.0966797 
4 0.365321 0.575195 0.586914 0.0195312 0.0371094 
13 0.370651 0.378906 0.564453 0.0214844 0.0566406 
13 0.423758 0.343262 0.616699 0.0283203 0.0712891 
13 0.431486 0.817383 0.713867 0.0761719 0.146484 
4 0.465061 0.0410156 0.743652 0.0820312 0.135742 
17 0.490659 0.606934 0.608887 0.0537109 0.0908203 
4 0.513825 0.215332 0.583008 0.0439453 0.0546875 
4 0.514374 0.630371 0.841309 0.15918 0.262695 
13 0.571678 0.12207 0.799316 0.0957031 0.219727 
4 0.580653 0.555664 0.577148 0.0253906 0.03125 
13 0.604082 0.273438 0.729492 0.0527344 0.146484 
13 0.630953 0.30957 0.679199 0.0429688 0.106445 
13 0.634817 0.196777 0.652344 0.0517578 0.142578 
