17 0.25913 0.259766 0.55957 0.0449219 0.0625 
13 0.259454 0.294922 0.589355 0.0292969 0.0341797 
9 0.259473 0.0283203 0.58252 0.0449219 0.0693359 
13 0.272204 0.0317383 0.577637 0.0439453 0.0810547 
4 0.285561 0.166504 0.59082 0.0849609 0.0839844 
13 0.314838 0.416504 0.544922 0.0146484 0.0371094 
4 0.396164 0.0571289 0.547852 0.0849609 0.0859375 
13 0.422895 0.408691 0.558594 0.0224609 0.0566406 
4 0.449205 0.603027 0.582031 0.0341797 0.0390625 
17 0.481099 0.479492 0.535645 0.0175781 0.0380859 
13 0.502764 0.819824 0.791992 0.0927734 0.203125 
4 0.539364 0.705078 0.630371 0.0722656 0.0654297 
13 0.635145 0.382812 0.580078 0.0292969 0.0703125 
13 0.645314 0.251953 0.660156 0.0488281 0.125 
13 0.666134 0.338867 0.649902 0.046875 0.120117 
13 0.669707 0.288086 0.705566 0.0566406 0.12793 
4 0.700755 0.777832 0.666016 0.0830078 0.0859375 
