13 0.278894 0.00976562 0.709961 0.0195312 0.0898438 
13 0.285395 0.235352 0.575684 0.0195312 0.0478516 
13 0.297683 0.0322266 0.82666 0.0644531 0.297852 
13 0.368825 0.288574 0.56543 0.0244141 0.0605469 
9 0.412462 0.413086 0.628906 0.0273438 0.0800781 
9 0.421694 0.485352 0.674805 0.03125 0.0742188 
13 0.432344 0.273926 0.577148 0.0341797 0.0761719 
13 0.520754 0.17041 0.710938 0.0498047 0.113281 
17 0.58393 0.428223 0.541016 0.0361328 0.0839844 
13 0.599218 0.206055 0.630859 0.0390625 0.0859375 
13 0.664643 0.113281 0.761719 0.0664062 0.158203 
