13 0.250572 0.0737305 0.72998 0.129883 0.149414 
13 0.272241 0.630371 0.687988 0.0302734 0.0654297 
13 0.273658 0.105469 0.741211 0.0722656 0.123047 
4 0.276827 0.0473633 0.705078 0.0888672 0.117188 
13 0.333929 0.331055 0.637695 0.0214844 0.046875 
13 0.350976 0.256836 0.742676 0.0488281 0.0595703 
13 0.351093 0.36377 0.63623 0.0224609 0.0341797 
4 0.353946 0.0727539 0.605469 0.0732422 0.0527344 
9 0.368491 0.478027 0.632324 0.0146484 0.0380859 
17 0.376745 0.516602 0.635254 0.0253906 0.0419922 
13 0.401222 0.220215 0.71582 0.0439453 0.115234 
4 0.435055 0.423828 0.612793 0.015625 0.0185547 
17 0.437552 0.44043 0.615234 0.0175781 0.0273438 
4 0.466659 0.0234375 0.611328 0.046875 0.078125 
13 0.482508 0.160156 0.749023 0.0585938 0.125 
4 0.509362 0.206055 0.64502 0.0429688 0.0439453 
13 0.536423 0.363281 0.652832 0.0195312 0.0537109 
13 0.592056 0.335449 0.687988 0.0341797 0.0791016 
4 0.59711 0.808594 0.76123 0.119141 0.100586 
13 0.613884 0.299805 0.70752 0.0390625 0.100586 
13 0.637798 0.614258 0.696777 0.0390625 0.0732422 
13 0.647371 0.56543 0.668457 0.0273438 0.0576172 
13 0.655468 0.0620117 0.890137 0.124023 0.217773 
13 0.673518 0.184082 0.817871 0.0732422 0.149414 
13 0.677471 0.727051 0.763184 0.0634766 0.114258 
13 0.743681 0.257324 0.835449 0.0751953 0.168945 
