9 0.251648 0.632812 0.572754 0.0214844 0.0634766 
13 0.267564 0.910156 0.686035 0.0820312 0.161133 
2 0.270903 0.632812 0.572754 0.0214844 0.0634766 
13 0.274656 0.43457 0.491699 0.015625 0.0341797 
4 0.279042 0.83252 0.837891 0.264648 0.324219 
3 0.309733 0.305176 0.529297 0.0673828 0.123047 
9 0.320321 0.457031 0.515137 0.0195312 0.0439453 
13 0.336899 0.410645 0.500977 0.0166016 0.046875 
13 0.41634 0.313477 0.685547 0.0742188 0.123047 
17 0.479131 0.57666 0.501953 0.0224609 0.0449219 
4 0.521516 0.370117 0.501953 0.0351562 0.0566406 
9 0.56388 0.486328 0.557617 0.0195312 0.046875 
13 0.684157 0.792969 0.637207 0.0644531 0.137695 
4 0.689218 0.697266 0.537598 0.0449219 0.0537109 
