17 0.260493 0.679199 0.705078 0.0400391 0.046875 
13 0.27215 0.427734 0.668457 0.0234375 0.0595703 
4 0.388567 0.557129 0.649414 0.0244141 0.0351562 
4 0.403105 0.811035 0.820801 0.131836 0.0966797 
17 0.403943 0.647949 0.682617 0.0322266 0.0507812 
4 0.424449 0.823242 0.770996 0.0996094 0.0888672 
4 0.475561 0.931641 0.847656 0.136719 0.214844 
13 0.586114 0.387207 0.722168 0.0400391 0.100586 
4 0.592065 0.593262 0.694824 0.0537109 0.0673828 
13 0.621944 0.257812 0.772461 0.0605469 0.150391 
13 0.668529 0.325195 0.825684 0.0625 0.166992 
4 0.721397 0.660645 0.75 0.0869141 0.0898438 
