13 0.257827 0.333008 0.644531 0.03125 0.0488281 
13 0.258718 0.31543 0.579102 0.0253906 0.0546875 
17 0.270255 0.137695 0.648926 0.0859375 0.0908203 
13 0.310326 0.0874023 0.741211 0.0439453 0.09375 
4 0.314764 0.287109 0.57959 0.0351562 0.0380859 
13 0.315474 0.334473 0.60498 0.0322266 0.0478516 
13 0.316186 0.536133 0.59668 0.0175781 0.046875 
17 0.321764 0.466309 0.562012 0.0205078 0.0283203 
4 0.363105 0.137207 0.650879 0.0849609 0.0966797 
13 0.367393 0.225098 0.600586 0.0458984 0.0488281 
13 0.426089 0.583496 0.616211 0.0205078 0.0585938 
13 0.426812 0.259277 0.588379 0.0283203 0.0634766 
13 0.445429 0.661621 0.673828 0.0439453 0.103516 
4 0.464283 0.506348 0.567383 0.0166016 0.0234375 
13 0.477047 0.282715 0.673828 0.0498047 0.0898438 
4 0.510409 0.924316 0.76123 0.131836 0.112305 
13 0.593615 0.245605 0.650879 0.0419922 0.0986328 
13 0.612148 0.213379 0.70166 0.0576172 0.135742 
13 0.622122 0.394531 0.660156 0.0390625 0.0996094 
13 0.65133 0.617676 0.629883 0.0283203 0.0644531 
13 0.665778 0.369629 0.621582 0.0361328 0.0732422 
13 0.672989 0.713379 0.660645 0.0439453 0.0888672 
13 0.703965 0.347168 0.711914 0.0537109 0.125 
