17 0.274244 0.428223 0.601074 0.0224609 0.0263672 
13 0.369899 0.370605 0.635742 0.0224609 0.0507812 
4 0.381765 0.512695 0.633301 0.0234375 0.0341797 
4 0.425225 0.251465 0.631348 0.0498047 0.0654297 
4 0.453433 0.0581055 0.739258 0.116211 0.125 
4 0.455457 0.471191 0.635742 0.0380859 0.0390625 
17 0.503921 0.432129 0.629395 0.0224609 0.0361328 
4 0.513084 0.755859 0.707031 0.0605469 0.0800781 
13 0.536759 0.277832 0.80127 0.0595703 0.174805 
9 0.550127 0.808105 0.73291 0.0556641 0.0654297 
13 0.560759 0.654785 0.677734 0.0263672 0.0605469 
13 0.613201 0.362793 0.76416 0.0517578 0.124023 
13 0.620108 0.33252 0.729004 0.0380859 0.110352 
13 0.650922 0.1875 0.81543 0.0820312 0.197266 
13 0.654288 0.242676 0.766602 0.0498047 0.125 
13 0.67775 0.391602 0.715332 0.0351562 0.0966797 
13 0.697384 0.322266 0.899414 0.0761719 0.193359 
