3 0.281688 0.279785 0.446777 0.0478516 0.0771484 
9 0.293681 0.519531 0.515625 0.0117188 0.0292969 
3 0.342632 0.255859 0.449707 0.0625 0.0927734 
3 0.364858 0.681152 0.498047 0.0341797 0.0605469 
3 0.375362 0.376465 0.474609 0.0380859 0.0371094 
13 0.380926 0.337891 0.621582 0.0625 0.166992 
17 0.421807 0.95752 0.722656 0.0849609 0.193359 
4 0.445421 0.280762 0.495117 0.0537109 0.0390625 
13 0.554936 0.449219 0.567383 0.0292969 0.0917969 
17 0.57354 0.396973 0.530273 0.0322266 0.0683594 
4 0.619671 0.601074 0.500488 0.0244141 0.0361328 
13 0.644161 0.308105 0.750977 0.0888672 0.191406 
13 0.689707 0.419434 0.606445 0.0380859 0.09375 
