4 0.25805 0.708984 0.345215 0.0332031 0.0361328 
4 0.259004 0.608398 0.318848 0.0253906 0.0263672 
4 0.270811 0.723145 0.403809 0.0732422 0.116211 
2 0.280789 0.366699 0.525391 0.0517578 0.140625 
4 0.281986 0.609375 0.299316 0.0195312 0.0166016 
17 0.283834 0.693848 0.316895 0.0205078 0.0302734 
17 0.293682 0.663574 0.421875 0.0361328 0.0976562 
17 0.296197 0.663574 0.339355 0.0302734 0.0576172 
13 0.302255 0.782227 0.416016 0.0429688 0.0820312 
17 0.323793 0.532715 0.320801 0.0400391 0.0771484 
4 0.330372 0.830078 0.484375 0.0859375 0.125 
13 0.359159 0.513672 0.388184 0.0449219 0.104492 
4 0.399318 0.470703 0.36084 0.046875 0.0712891 
4 0.41208 0.782715 0.537109 0.116211 0.208984 
17 0.473136 0.394043 0.30957 0.0244141 0.0351562 
4 0.474181 0.56543 0.289062 0.0214844 0.0253906 
17 0.525359 0.517578 0.387695 0.0449219 0.103516 
4 0.530415 0.506836 0.518555 0.0917969 0.164062 
13 0.555827 0.23584 0.43457 0.0791016 0.152344 
4 0.586017 0.609863 0.354004 0.0380859 0.0615234 
4 0.586683 0.711914 0.561035 0.126953 0.21582 
17 0.624592 0.387695 0.39209 0.0546875 0.110352 
