13 0.266163 0.433594 0.573242 0.015625 0.0292969 
13 0.280369 0.640625 0.661621 0.0234375 0.0771484 
13 0.307935 0.833008 0.694824 0.03125 0.0830078 
3 0.308079 0.285645 0.59375 0.0556641 0.0917969 
2 0.315872 0.730957 0.819824 0.0498047 0.15332 
4 0.328869 0.397949 0.658691 0.0556641 0.0869141 
17 0.345235 0.285156 0.593262 0.0527344 0.0927734 
2 0.437085 0.640625 0.661133 0.0332031 0.0859375 
13 0.453888 0.44873 0.664551 0.0283203 0.0791016 
13 0.456002 0.360352 0.621094 0.0234375 0.0683594 
9 0.464842 0.128906 0.695801 0.0390625 0.0615234 
13 0.474202 0.762207 0.695801 0.0458984 0.0966797 
13 0.48842 0.697754 0.700195 0.0478516 0.105469 
4 0.535175 0.21582 0.696289 0.09375 0.111328 
13 0.580476 0.078125 0.865234 0.148438 0.269531 
13 0.606949 0.333496 0.620117 0.0263672 0.0625 
17 0.678363 0.265137 0.782227 0.0908203 0.195312 
